image=MTO.png
height=20.42857 
width=20.42857
